1 68.630348 191.000000 400.186005 ../data/particles/waterfall2.par
4
66.930267 190.300018 397.936066 72.930389 188.499908 402.435944 -1.000000 -0.300000 1
75.479622 165.598511 398.337799 94.980568 124.296280 414.034943 -1.000000 -0.300000 1
99.479393 92.896759 392.040588 115.380119 71.697083 428.532654 -1.000000 -0.300000 1
0.000000 0.100000 300.000000 250.000000 0.100000 500.000000 0.000000 0.000000 0
8 2.813751 0.000000 438.402283 ../data/models/natural/matos/grass.png
250.537781 510.603851 80
8 3.119521 0.000000 0.117522 ../data/models/natural/matos/grass.png
239.216415 355.397247 400
