8 3902.805908 0.000000 1820.324707 models/natural/matos/grass4.png
4096.180176 2191.909912 3.000000 10
8 3902.805908 0.000000 1820.324707 models/natural/matos/grass4.png
4096.180176 2191.909912 3.000000 10
8 3902.805908 0.000000 1820.324707 models/natural/matos/grass4.png
4096.180176 2191.909912 3.000000 10
8 3902.805908 0.000000 1820.324707 models/natural/matos/grass4.png
4096.180176 2191.909912 3.000000 10
8 3902.805908 0.000000 1820.324707 models/natural/matos/grass4.png
4096.180176 2191.909912 3.000000 10
8 3902.805908 0.000000 1820.324707 models/natural/matos/grass4.png
4096.180176 2191.909912 3.000000 10
8 3902.805908 0.000000 1820.324707 models/natural/matos/grass4.png
4096.180176 2191.909912 3.000000 10
8 3902.805908 0.000000 1820.324707 models/natural/matos/grass4.png
4096.180176 2191.909912 3.000000 10
8 3902.805908 0.000000 1820.324707 models/natural/matos/grass4.png
4096.180176 2191.909912 3.000000 10
8 3902.805908 0.000000 1820.324707 models/natural/matos/grass4.png
4096.180176 2191.909912 3.000000 10
8 3902.805908 0.000000 1820.324707 models/natural/matos/grass4.png
4096.180176 2191.909912 3.000000 10
7 2196.031738 76.000000 3556.327393 particles/snow1.par
4 3302.000000 16.000000 3201.000000 particles/smoke1.par
2 4057.952148 0.000000 2240.789307 particles/fire1.par
1 5774.977539 687.000000 2530.938477 particles/waterfall1.par
1
4.000000 0.000000 1876046848.000000 0.000000 817600512.000000 0.000000 0.000000 0.000000 0
